"WOJBOG"
0.141201013524007
0.960384106459739
0.00334378085802898
0.961967530223535
0.960384106459739
0.000417718995900755
0.0076290301110658
0.00216536526268689
0.000841074337157706
0.000177855569646293
0.976219517946258
0.978448939466269
0.032059031071224
0.982833163792094
0.202388461754042
0.99259185610326
0.962039131463959
0.986154841524024
0.960384106459739
0.960384106459739
0.000161778344685252
0.965053306989394
0.960493211305247
0.994386168478049
0.982870809965999
0.02195352474715
0.960384106459739
0.960384106459739
6.6482565795099e-06
0.974514169042861
0.870465911585747
0.537731041752517
0.000346791786560133
0.960420146865946
0.972031389681991
0.963111961488172
0.307901056828839
0.960384106459739
0.0168837858096666
0.00940807740808689
0.975689193315814
0.00201213364268778
0.960384106459739
0.961829668982732
0.0203559946366148
0.00398866105531772
0.960384106459739
0.00903789110740052
0.979599824891614
0.0308282929631892
0.962706199131961
0.00360240349238909
0.00227514715115198
0.000794332079125238
0.999636394605268
0.98331059137465
0.0390739229161138
0.0166215046639432
0.0174501151518102
0.960384106459739
0.967516569685665
1.29830398411707e-05
0.000989095853317796
0.960384106459739
0.036760707994297
0.0684336123066511
0.960783368729842
0.960660654748836
0.960783368729842
0.989111273723007
0.000340442989691576
0.0251360485418114
0.216402108251426
0.96092245922264
0.99116911915282
0.960384106459739
0.00166910888615476
0.0061933985491665
0.969327453980868
0.961016093387746
0.101017379076969
0.960384106459739
0.448198502021807
0.96845453734471
0.555146410352967
0.979928824362253
0.0522417495281531
0.960585968079331
0.000103931406152372
0.960384106459739
0.960384106459739
0.96922717247792
6.10330807760519e-05
0.00593767627016042
0.960384106459739
0.0288548383389775
0.960384106459739
0.00142202009775258
0.0610224628230066
0.960384106459739
0.0127133882924168
0.000212626502012349
0.856266067100558
0.960783368729842
0.960384106459739
0.998966253576024
0.00703968925378797
0.968859273812289
0.989198720141721
0.000365841735636956
0.97011373888989
0.192995649037704
0.983957705726863
0.023436145405084
0.998275868267306
0.960585968079331
0.00297943827264351
0.000939992410817011
5.14292810467027e-05
0.695094337957047
0.000545837788141442
0.960384106459739
0.00962200869891225
0.931863864048037
0.000118387784769734
0.00182165857582974
0.962632084657044
0.00791124057046752
0.00457229835664067
0.0461900593960997
0.0198046756708396
0.0171400376909072
0.000238993254921651
0.699230277796041
0.000528770983128651
0.965593786304653
0.948573420891738
0.960783368729842
0.000243310922067872
0.985273128502004
0.960530268332504
0.989663534427676
0.00237508561987262
0.960384106459739
0.978765729954902
0.998194733933846
0.00303697169014655
0.986878675820589
0.960384106459739
0.000440380828813566
0.960384106459739
0.0413305322741129
0.960698389564306
0.963290949590054
0.993117934197412
0.000573588601052137
0.975081028204618
0.0142872742312144
0.982857476137477
0.000197780771231863
0.960384106459739
0.000372268889037941
0.993631449755649
0.0493926877899398
0.0518283492724362
0.00199117194816924
0.0333299323989567
0.151777247736218
0.962665677704007
0.960384106459739
0.975412286274461
0.973070621082554
0.00957724515413052
2.28145340946629e-05
0.961242910972312
0.960384106459739
0.978406518490715
0.310540184609489
0.994100922609954
0.00513877485553368
0.00389405104320006
0.967636958956163
0.0104071873476919
0.00775056843346058
0.00257358508295247
0.960384106459739
0.960384106459739
0.960457375125312
0.960384106459739
0.000395006503000823
0.960384106459739
0.929444953671556
0.963139629585722
0.00282910498730407
0.946630962670972
8.34090607674224e-06
0.0014619534167261
0.000220042203850568
0.960384106459739
0.960873018901723
0.966173307578648
0.960384106459739
0.0152995026653089
0.983275222903713
0.0221671984934481
0.00205716348696169
0.960384106459739
0.00159292224870834
0.960905495620609
0.0137988819684859
0.993958571317089
0.00293787287295661
0.963651466273787
0.960384106459739
0.0459053146758276
2.10665032561195e-05
0.989387511455959
0.00397950384697897
0.962466831749393
0.0318175720573955
0.996312929719847
0.906478121628359
2.74120545003082e-06
0.962024571293053
0.00152802006646524
0.0247638820558104
0.960384106459739
0.92096640313593
0.0146779630677691
0.660591610449242
0.00109046060669626
0.00871396442234813
0.98402695952651
0.00113398397669022
0.000331883323966403
0.00778781665486592
0.0131461034372683
0.970138297907571
0.000471864407331002
0.980428173888305
0.949814826549503
0.00138747269194958
0.00513950589207844
0.00265249773325722
0.00417249866069927
0.810639349674879
0.971340398562823
0.250763985024111
0.960538105768675
0.964945920857167
0.960384106459739
0.960384106459739
0.960384106459739
0.00823555833190471
0.970232354098212
0.00109918487341941
0.968168436066819
0.960951369832247
0.0146693702340808
0.983974441652085
0.969073742767805
5.89752954015521e-05
0.00147419793923617
0.921183436149971
3.77645607226781e-05
0.960384106459739
8.64975851239679e-06
0.960384106459739
0.985057700007371
0.92972238678306
0.0126795509284543
0.00389318894088676
0.993086571185103
0.833856713952276
0.0370089288129559
0.00377594850699215
0.00592897549693568
0.954382982454905
0.960384106459739
0.996182806778241
0.982549713602913
0.96065942851555
0.00515755629327478
0.960384106459739
0.000161644777107687
0.109010793223167
0.00061049573351643
0.997267741549896
0.000997765627396513
0.96220776938356
0.00639345838038062
0.00691065507685639
0.957175738876741
0.994411262329846
0.00435363079333356
0.966226109497318
0.97861036891172
0.960384106459739
0.971460830285692
0.0839992752722136
0.987847217587132
0.960493211305247
0.147525151888893
0.00231292409368803
0.00680036982795401
0.00435732418358814
0.000670096696785225
0.991001834282816
0.532553822251818
0.988602383816386
0.960783368729842
0.96082603872429
0.000990022600921258
0.000711841566604178
0.996243656054803
0.960457375125312
9.81625726575663e-05
0.00236375671409675
0.970260241833706
0.0552124017369455
0.0075221542236854
0.00210607210601649
0.960384106459739
0.0948216773605339
0.564677991061684
0.00512440668680595
0.998694529548384
0.961928059508317
0.00838514433787432
0.477736863474935
0.984506034051365
0.0107325821970167
2.69353736292266e-06
0.614783264565475
0.00580487144531103
0.960384106459739
0.960384106459739
0.379499565840088
0.965031891221435
0.964953916743842
0.960384106459739
0.962394243441544
0.887652714400385
1.52172300652646e-05
0.0134948929417811
0.960538227894195
0.960384106459739
0.960384106459739
0.986268023834381
0.023018567451368
0.991861014329354
0.00575259761894889
0.996133934772195
0.0419267520606425
0.00201260656659543
0.162205089427922
0.960384106459739
0.983978560084441
0.976914233932191
0.71622279933604
0.981557258759019
0.960903321944335
0.960585968079331
0.0200691107760678
0.994781183796633
0.00661831027123499
0.281683834066892
0.962320864563398
0.00163639408404044
0.975970913927473
0.0785193627036778
0.0371703292600061
0.970736443390217
0.886769403346003
0.0222250210657506
0.00385949097835825
0.00331615564561983
0.960384106459739
0.96127343600818
0.00442958584999428
0.992734810433073
0.960384106459739
0.962542570986225
0.0749119131325957
0.977567269561912
0.00012462053335883
0.0657057169881355
0.978346301884482
0.960693113097253
0.050555520277281
0.0731015749560176
0.973658084803269
0.960384106459739
0.000599434804835693
0.000753375687617375
0.00198047054418104
0.960585968079331
0.00631007894155837
0.978664455070095
0.966167769593985
0.960384106459739
0.960384106459739
0.000167848291330442
0.966931636043719
0.966366205390146
0.575061655708215
0.00122799249188918
0.387244236877691
0.948520480038379
0.179710686319432
0.00086845548172947
0.960493211305247
0.00829715026578652
0.00832437365581074
0.704340664478941
0.960783368729842
0.511207214314258
0.00272928322087914
0.0199354582193264
0.00903847905899008
0.962837458465099
0.996398436283792
0.960384106459739
0.0319023715381988
0.994254574839671
0.00416331674011638
0.960493211305247
0.961129243871891
0.00227831787838636
0.00282245467168439
0.929105560347057
0.0125395419896612
0.00144521990793337
0.65878467622459
0.00369423559443524
0.999348073520478
0.960384106459739
0.964852575730503
0.960384106459739
0.965775389259438
1.152414175296e-06
0.000231134400358614
0.00185028012982457
0.96442674813481
0.964882684377762
0.967367362582883
0.68921302236287
0.00273918657961686
0.00548392297444742
0.00601697689932408
0.00157170736204505
0.967354479185786
0.00326819140037884
0.987493287135435
0.0526831110922291
0.955943184082109
0.00151320577841068
0.000611975684675763
0.960384106459739
0.0258013289981385
0.00435110046866182
0.988156174752946
0.0132990556581178
0.00167233794739177
0.963126051744634
0.918836681946874
0.960384106459739
0.0015545870480078
0.979133164265641
0.000549833780384597
0.960384106459739
0.0057235884705264
0.122110369634745
0.982561694417292
0.967367469368646
0.960384106459739
0.961336384825467
0.0514014515402907
0.0252980978677013
0.911856381822627
0.962389209990995
0.987719055284234
0.960384106459739
0.0036002130411854
0.960563929268472
0.988066460005981
0.0462742672469284
0.994276752615289
0.965184762991653
0.00571005435470318
0.00166467687146312
0.988784432236982
0.996784653339934
0.0134356718968917
0.0021093990963373
0.960826662240545
0.99491347544415
0.966454345057187
0.971430603115881
0.0151124908873576
0.967818029433305
0.960384106459739
0.00183817115187696
0.00107533700418579
0.177374258038995
0.0207427558900637
0.00203172517667668
0.988075957881871
0.0105207773134441
0.995820900520266
3.12390131775531e-05
0.960383516069903
0.980715792456776
0.00301404394602313
0.00787023788506616
0.251127996697544
0.0608640301847329
0.00778599283616501
0.00737619097731934
0.00447829497816576
0.89150200568406
0.00509669141378888
0.440485518752788
0.966419959236593
0.335720948282954
0.00493955328814504
0.0174497462847398
0.960384106459739
0.113152526073158
0.98283806861727
0.00423451283223211
0.0257262407507177
0.986860867149157
0.263387834452323
0.836313235944365
0.960384106459739
0.188051099618457
0.967266843348904
0.00289506936494872
0.999590013448748
0.00588644842739755
0.972720033957471
0.000789872492888634
0.43396199460106
0.00230586514787963
0.000282288216670215
0.987304614624806
0.961099491638081
0.960783368729842
0.965108442928819
0.964333868225523
0.00164856041132465
0.00410047592487137
0.0190686927928092
0.982788133732865
4.78850131847818e-05
0.965870511716795
0.980509957022794
0.000228692242383879
0.986791941170167
0.960384106459739
0.960384106459739
0.960384106459739
0.0013326527780081
8.24468574616849e-05
0.986380227168455
0.00063560174970535
0.00796173838785569
0.00103680125284295
0.00200746302887065
0.966972081498406
0.994583780689877
0.377392785721864
0.966431807695538
0.960384106459739
0.228789161272423
0.960384106459739
0.993180532632893
0.979432205206528
0.000131691334503296
4.90463007522112e-05
0.0332817953002557
0.00269761663090587
0.0192574287125952
0.9838335940752
0.00618224373542403
0.000380136809628697
0.00974885072484758
0.99408196925165
0.964967183048391
0.960384106459739
0.00198220820596141
0.102917148473887
0.00380159212067356
0.0151359957729451
0.97978171144519
0.000684981748379426
0.90770120765179
0.960384106459739
0.000852948894714924
0.480266094993929
0.962423238469814
1.16363443222349e-05
0.999619311709102
0.000421208169190508
0.0244681191668996
0.00142336259106552
0.903260837075042
0.960384106459739
0.960384106459739
0.712638612844648
0.960384106459739
0.960528729109595
0.00196095576249206
0.977793235366805
0.00705869274699812
0.000216353613685942
0.00425355041865103
0.00151260081769264
0.993015848643314
0.000318477235262372
0.154893366374818
0.000401955371250134
0.0124128091348956
0.981647734840084
0.99843525933201
0.962345500786902
0.0154902051387391
0.0018862280802595
3.47003685681034e-05
0.0152326088779929
0.989876850250124
0.971132932297872
0.00337341346489874
0.961557929973584
0.993235924039097
0.00917551158210374
0.960783368729842
0.997386177252326
0.960384106459739
0.00204332243829131
0.961616837215756
0.0750566838188495
0.664064617398719
0.633725407537271
0.00100863171975338
0.00314407804530301
0.470556993577252
0.10574619249133
0.960384106459739
0.017852597404632
0.162647078947541
0.0357168120560445
0.999240122163543
0.000830915076528843
0.000796922256429495
0.00270645081362507
0.00246994175510336
0.00171839211139733
0.967606616737755
0.990987426098635
0.983353615202501
0.99454474998988
0.00156123379393915
0.00139604381167147
0.00480929977285337
0.960384106459739
0.000341370509835087
0.073758646931038
0.960493211305247
0.00569563265353552
0.0471898532657837
0.969962155350715
0.991517067522111
0.0034048282612672
0.0406389140746519
1.57189685209757e-05
0.960384106459739
0.00252375756351136
0.991994142165437
0.00647891167647131
0.989932723077596
0.00278848354178471
0.960384106459739
0.999762147247385
0.0074636662080367
0.993494124256333
0.00133590242259003
0.966631607304584
0.609083941265735
0.998420574507947
6.39650721686159e-06
0.966158709745456
0.960384106459739
0.00683828678773486
0.00813035148998955
0.00113202169706466
0.00140396197364529
0.982870809965999
0.0189946823808124
0.960384106459739
0.00113257324605316
0.0027844257618148
0.960493211305247
0.00651631160390605
0.00372053890816356
0.953954490690411
0.960384106459739
0.022041765340401
0.000914086178396274
0.967125067001539
0.961403412863903
0.0986052131580721
0.097096039579247
0.960384106459739
0.00523360465818526
0.0147041332368033
0.000213799982114723
0.0198646044029724
0.962909694384613
0.960384106459739
0.967621851339482
0.960384106459739
0.967606616737755
0.960384106459739
0.823327656403537
0.144072363678546
0.0165599900261917
0.960384106459739
0.000129717924796586
0.995444255626411
0.972177006029361
0.960384106459739
0.946001676597803
0.0192509268122019
0.00180736091964852
0.00428871022266469
0.960585968079331
0.960384106459739
0.96092245922264
0.0436253123973614
0.00180851285817555
0.00298939325466598
0.00279902094958399
0.962556450101358
0.0277867577672729
0.973870814638098
0.0108222203809207
0.994526601372079
0.00456131497615608
1.03786799074084e-05
0.960384106459739
0.000510923570565745
0.954255617913182
0.00012473607798068
0.933360033185783
0.993968469278392
0.000270541872358929
0.99400349227036
0.987555654166553
0.969108782313089
0.413000128480507
0.960384106459739
0.0182531345399597
0.962639861989625
0.999408369072383
0.130085789352718
0.995420867572433
0.00983574254093095
0.986642148267888
0.00695993914318682
0.0189458538345399
0.703803302246527
0.961456112474468
0.000846581870357353
0.989746592390349
0.00566298218059432
0.795256548464419
0.966239054118999
0.00162282024296834
0.00236291911529647
0.330923584583674
0.000198234730784519
6.75280644454821e-06
0.00104914687945694
0.968759020712217
0.0345256796661184
0.00951670074347722
0.000631446979592147
0.00959239445623277
0.000673114101263752
0.00316662349819236
0.98132273879185
0.0481868424417759
0.960659097725081
0.00534711303863301
0.971856486029413
0.960384106459739
0.0118232114339518
0.995768325282459
0.00136156357170739
0.996759527696035
0.00169408299232332
0.00543290672591236
0.00632320554150507
0.960384106459739
0.962628494288554
0.985744036789885
0.0123220663439928
0.00319497534704232
0.00494981079565277
0.960384106459739
0.0345242923980617
0.965038759481292
0.992372785096096
0.983846352742738
8.7521800521237e-05
0.00177955586710137
0.0023770116777907
0.967302261109101
0.990885298552677
0.965304704541779
0.960384106459739
0.962535213491883
0.684516534815303
0.00201958467815829
0.96247589940416
0.0038988553825601
0.960384106459739
0.987452429980213
0.00226934755036813
0.961126301402887
5.54915440232076e-05
0.922215402073411
0.993078095943953
0.982491545310282
0.00164759135465226
0.00208839805134885
0.000887653963515831
0.960384106459739
0.994220596390171
0.124620273926471
0.00518650415586583
0.960384106459739
0.605854240353713
0.98256591780603
0.0575367017848161
0.00143438722699914
0.971644309848673
0.00146404582869514
0.00627468311242235
0.00275015840682699
0.979301335631803
0.000559455190984443
0.960856881025328
0.00300432613697962
0.000254849106683137
0.96908328057824
0.960635667037047
0.986070539264809
0.00921543278167936
0.988493557315523
9.3778814526792e-07
0.00358585882959879
0.00720546204131895
0.987969095632851
0.997852952341856
0.000957389392404631
0.960384106459739
0.986203646099379
0.960384106459739
4.5589837092471e-06
0.0180894928943353
0.960384106459739
0.016954041258234
0.9989677415564
0.00269895948264621
0.000858547785337696
0.965749767745224
0.0398414676620212
0.0110691147568784
0.00154407554769744
0.226903926504391
0.966216419470974
0.998017274507375
0.345698105578937
0.000623236544944688
0.960384106459739
0.982523910093187
0.971085927735231
0.000333746498860794
0.969890280502785
0.984941112349004
0.682612640553205
0.000668615444501979
0.15548089026795
0.991796031368461
0.0212940885702427
0.0146066225356487
0.00139645140905738
0.00062062093447684
0.0230538370191357
0.00094274104634971
0.420753236772944
0.961429912339494
0.0819786899671177
0.00772860334967056
0.0348056072337583
0.981244583029118
0.563159831758072
0.960384106459739
0.967475120554589
0.990870803655535
0.960384106459739
0.000100954951875881
0.000381554299353313
0.150010109200202
0.00226413245797696
0.960384106459739
0.960598812504992
0.999588941253175
0.960384106459739
0.994942714629085
0.000327130724156637
0.960384106459739
0.0185731749550731
0.960384106459739
0.010756775931067
0.0012488741050734
0.00296725137077148
0.00091641549671005
0.0978679662410532
0.000327566809013695
8.25723464049191e-06
0.970023794313652
0.00746479361198282
0.991232023124638
0.986998955764578
0.99875365835134
0.00504665600223192
0.0316061006131958
0.940809524493617
4.69522101784739e-05
0.960783368729842
0.0104380438754753
0.967621851339482
0.000590105523027437
0.979192636741679
0.000789971204565105
0.961916724832535
0.799728693011994
0.457648430923307
0.882362237988363
0.00132836792641189
0.960793276330574
0.971667973880228
0.0208963561965175
0.966931636043719
0.961038119996665
0.963405340538336
0.341050404229551
0.998831111990106
0.00128275880949913
0.960384106459739
0.976589892136779
0.000351362993873232
0.930067297540114
0.960384106459739
0.960783368729842
0.000589624295482931
0.00449707021284594
0.960457375125312
0.0735862570130684
0.967176195179539
0.000838608825373403
0.0172243734378691
0.000412812683611085
0.971685981047655
0.667984072895837
0.960384106459739
0.99146199200738
0.909435598397482
0.00036923146615556
0.984291481827464
6.86227895631184e-05
0.115413707515642
0.997079550456195
0.960384106459739
0.960585968079331
0.0168020129637154
0.00248742407890498
0.989187473226826
0.0144997885683436
0.871479309575469
0.00325283623886564
0.0336144753083823
0.512486355375626
0.966420312262347
0.00412587934559097
0.000566264663566584
