"WOJBOG"
0.0130476435503068
0.00204225139443818
0.443474099875053
1
0.290994955552709
1
0.166473504185664
0.0490971257846192
0.197831624855212
0.995120134050025
0.955589420379216
1
0.159283709916204
0.869488233945148
0.848918255035805
0.0375049614576933
0.351460292131705
1
0.349848638081876
0.0090368888874765
0.0915080320690047
0.0481664795268677
0
0.912070894892451
0.990709982630346
1
0.967047755364802
0.262286961309897
0.247636295911335
0.0124133244255265
0.00697399772806128
0.989864430481566
0.999999739759548
0.382119286516988
0.938827885583266
0.00443060720988603
0.796400631792779
1
0.602279482920475
1
0.99454462010135
1
0.575813609752966
0.998999827457339
0.148726816735457
1
0.150818364324538
0.90812451477312
0.0100816156147787
0.218716702143174
1
0.278683365360314
0.0377683734767092
0.700889486775703
0.954746982074035
0
1
0.446794163859912
0.921008757577379
0
1
0.0248638570671757
0.942036946208184
0.988504314858276
0.996050058941013
0.200241631783324
0.0905142444142514
0.976413358826524
0.606581820754509
0.895042258530019
1
0.0977614701785523
1
0.936823146829722
0.871728902503961
0
0.996632364798902
0.31950866038761
1
0.0200107633469427
0.260918641669504
0.683097183352642
0.200344749206749
1
0.963409637113326
0.999982305128418
0.934728302981716
0.999919689690423
0.914721753060402
0.957652038781331
0.266948232674804
5.06440570541221e-05
0.208377469354736
0
0.942261399701754
0.0063216015397346
0.534337246351792
0.083975253996565
0.882821890523718
0.474624532279167
0.000112542221951857
0.759941841182552
0.374920895187134
0.835415167276594
0.0362949676033947
0.919129349095718
0.953153318434741
0.44276150804056
1
0.99412803620173
0.92061200633839
0.515229815697928
0.288559029744979
1.27885825754698e-06
0.00108416795704601
0.173005051364665
0.993530009837491
0
0.993999701845687
0
0.00125904510092503
0.715970072714825
1
0.145709953238303
0.714149524283713
1
0
0.0186082641796157
1
0.486598757120702
0.979267647401199
0.631483031970881
0.317539925001762
1
0
0.916702903602755
0.35502829261145
0.973496468513101
0.752199010662363
0
0.00741138469955492
0.784441378226412
1
0.160599503207391
0.0113450841181174
0.987490324034883
0.706499432749496
0
0
0
0.910250025047362
0.0612122547814461
0.999536388133482
0.00424068744983008
0.182281015551018
0.301899496789822
1
0.959422152810082
0.638762406545363
0.09649706635704
0.880326342015254
0.999723518095202
0.050433780990626
0.112509335150256
0.003957231133453
0.00575538420625858
0.761962523153147
1
0
0.720399179473846
1
0.682853318481809
0.15572102411672
0.508206363996315
0.252956071349745
0.728160513146562
0.963236921246659
0.050098664446126
0.921782945645587
0
0.960966092159084
0.070485043207717
0.980635951096357
0.0889583511351645
0.175079387407582
0.695838513901375
0.195777215354604
0.0251591620775904
0
0.132183017144912
1
0.940727932902528
0
0.445658527766375
0.0290777227174794
1
0.00699434841579911
1
0.444627751956795
0.0116647686515442
0.152273766682953
0.961885689777232
1
0.822633301715172
0.184304561340168
0
0.997056823708917
1
0.991045904336307
0.503391358558702
0.0237001884941984
2.45663768800303e-05
0.0215452908315423
0.000119469825907531
0
0.000226902332318761
1
1
0
0
0.942642569336473
1
0.118594019758529
0.0552456843818196
0.314060261883047
0.161100654253836
0.00578986855700558
0.0396331142523753
0.641716982667261
0.900808039975904
0.2729387324807
0.187541852016034
1
0.879112803915382
0.770179841162325
0.986746308062086
0.173702152046309
0.601367878127253
0.45063499761871
1
0.183194955988531
0.0081257842756732
1
0.393689237309075
0.00585228021608062
1
0.963584084641518
0
0.276482348888532
0.989656813675107
0.747760914739499
0.297602376733771
0.09800498995972
0.219722035203793
0
0.973985584278549
0.218973903124616
0.0274570490724366
1
1
0.991361396811983
1
1
0.0665946480514026
0.98427449847224
0.874404255817885
0.0172632127454846
0.0128818829909228
0.999996589636034
0.0706798949903528
0.956561439354493
0.9325811923143
0.165142293443877
0.135495454709278
0.017859216597846
0.00170778850668855
1
0.683430534394675
0.678678687056362
1
0.650396682338749
0
0.897949231436209
1
1
0.0395504454929563
0.0323549622411918
0.858513966987983
0.885705922116876
0
0.00552248157024102
0.0346016606380365
0.847440705577643
1
1
0.918856575953717
0.0759164075744943
0.504083901699758
1
0.253983543858571
0
0.10320648985312
1
0.947278303386539
1
1
0.458876127496077
0.999787764863598
0.985365586537203
0
0.713914899018097
1
0.121003451605485
0.62337299337959
1
0.0634897585784179
0.0869401416107416
0
1
0.260669639082125
0
0.0305522485624751
0.494386744770216
0.997577662848874
0.000425074841128728
0.0454027282687674
0
0.450126241428333
0.782683915160623
0.217435733748629
1
1
1
0.964281521395223
0.0572054729041912
0.964871762979475
0.15364887773884
0
0.464841367551411
0.971808692379373
0.00801209188795731
0
1
0
0.667635345436656
0.187914313855676
0.0142253821721142
0.313560819046744
1
0.838374264526921
0.00116402798363091
1
0.00860574833369473
0.00672709942060566
0
0
0.999831467176204
0.785687599238433
0.770147263784795
0
8.6910431979424e-05
0.0963092217693354
0.924548066402303
0.690966507847646
0.283430558729352
0.484714257621109
0.0708692903063059
0.0152254169006418
0.995033699494479
1
0.105405523316898
0.00369694046705425
0.397573447174814
0.137641974197386
1
0.991139452098665
0.96553609670286
1
0.00774039011401817
1
0.0191632517716291
0.551935385949396
0.930659372151384
0.999852512622661
0.888903302435528
0.784914507155817
0
0.862090685588439
0.0817583609860102
0.103576199656993
0.93102011423523
0.0708331305315268
1
0.966500564983918
0.993907250748019
0.676691315361527
1
0.0707934774416815
0.0382195305693286
0.123670521800561
0.88164518930297
0.567329953055312
0.11597527685154
0.966003720498804
0.998820544093638
0.10726557886453
0.0641318451444651
1
0.83726133917227
0.233361034847909
0.000563552446122758
0.838963038045534
0.930733029937415
0.128171038864191
0.156168646415866
0.928393834585734
0.831956767094714
0.229287701053392
1
0.957202418309423
0.858815076058187
0.0171646560809213
0.65012724302618
0.45471251360094
0.84057078080511
0.96492846431184
0.0177709044019462
0.0332240482817191
0.298068024989363
0.32725345723594
0.0890015356702932
0.759431960207097
0.0604510229147959
0.047905206179953
0.851698639146044
0.824123161207789
0.90319725300968
0.927686713422326
0.14566729793605
0
0.954154982779436
0.0774083711684148
0.956533243410737
0.103970490347589
0.00973119276291261
0.746733704490565
0.894120400004119
0.999330227361684
0.477014002616865
0.310466855538625
0.586035771244604
0.998519635995804
1
0.608118972352201
0.0645487555036585
0.133003660593421
0.658482533927552
0.00168470860974413
0.989532734066845
0.0505284421935115
0.0786911178410293
0
0.120698321323261
0.0140667592619678
0.887912105027792
0.00466773743660923
0.511650487051727
0.978145906989878
0.995119877624061
0.00185244475664513
0.955095582522682
0.678587896674526
0.207537370631509
0.0875202310152777
0.839358254427478
1
0.317911803433326
0.834500084138982
0.0180339073907228
0.999449513939783
0.147144295030138
1
0.634775315338772
1
0.0258615300219678
0.892089599388737
0.901114307353062
0.0576394567146128
0.30712316782453
0.930512662509478
0.00580742158717835
0.586225040442871
1
0.591949130961976
0.831462252727778
0.989195967124482
0.90123814573524
1
0.985839573865926
0.573626495101997
0.805463429381369
0.635163889263149
0.0620614333778497
0.0454174694731557
0.983022126335352
0.21464849570877
0.961054029509394
0.857262544457072
0.979080448829841
0.907611113519234
0
0.0794931488907022
0.330620759611188
0.572483732062429
0.159527225833362
0
0.607709195138771
0
0.432554638462883
0.997921054364858
0.997853876512384
0.989830853625843
0.900326638676371
0.505259736936522
0.88484511295342
0.00792024264533672
1
0.0128972631535174
0.822452644511771
9.84894882919277e-05
0.457539201422349
1
0.998628876447738
0.725880172029907
0.69160919255918
0.538066978279361
1
1
0.00119036059813383
0.663961562172173
0.0816160622374423
0.0124439820324685
0.0907806067050291
0.110142507524508
0
0.998022419968591
0.000828359725591271
0.710418791436771
0.941550623988904
0
0.081092225489829
0.141254726806217
1
0.0219822267072224
0.603451586986667
0.10910924119933
0.575172824747332
0.99479649774574
0.10103254268252
1
0.865763144442204
0.0965306079766205
0.794981151082101
0.880038495060658
0.508427905040178
0.0199488260227973
0.997932883177731
0.22923504591741
0.179871662078568
0.66845568608271
0.958250784621676
0.725646054514234
0.118578932732728
0.0180706810913319
0.0359127370663349
0.161788160937378
0.933062518358271
0.692503945297045
0.951531793136209
0.0114549625260769
0.151517757995489
1
0
0
0.993472747859362
0.78605899839242
0.901647979381741
0.35725541727313
0.934265802757396
0
0.0347375691142881
1
0.00272001983794882
0
0.573600176147276
1
0.626359840020022
1
0.920718736176061
0
